[{"id": 0, "img_name": "frame_2340", "width": 3788, "height": 2133, "position": [4.821410563787779, -0.3509029467372417, 0.6577960230821188], "rotation": [[0.3027691563983478, 0.47560598916688107, -0.8259114849682292], [-0.5053976798339083, 0.81482822714559, 0.28395095609150073], [0.8080247664226236, 0.3314421568167928, 0.4870750183824842]], "fy": 3091.2565598467872, "fx": 3073.659322833244}, {"id": 1, "img_name": "frame_2350", "width": 3788, "height": 2133, "position": [4.813988617392476, -0.3374801669981949, 0.6370575051998936], "rotation": [[0.31489148432110675, 0.473537215933265, -0.8225605498856741], [-0.5027898054767027, 0.8182824050765878, 0.2785970514035898], [0.8050128971704424, 0.3258472198258675, 0.49575984581347765]], "fy": 3091.2565598467872, "fx": 3073.659322833244}, {"id": 2, "img_name": "frame_2360", "width": 3788, "height": 2133, "position": [4.806024822378422, -0.32383632494625814, 0.6162139024910385], "rotation": [[0.3264574285320742, 0.4719439190721906, -0.8189593913052143], [-0.500476441488495, 0.8213145094586024, 0.27379884599425997], [0.8018409311523318, 0.320486214685682, 0.5043210359733216]], "fy": 3091.2565598467872, "fx": 3073.659322833244}, {"id": 3, "img_name": "frame_2370", "width": 3788, "height": 2133, "position": [4.7973418009401785, -0.30964015569689807, 0.5943501554702815], "rotation": [[0.33691776918886673, 0.47031650369945727, -0.8156523788678092], [-0.4984770043442678, 0.8240316042046423, 0.2692444826025012], [0.7987534619297512, 0.3158707039594559, 0.5120728516875266]], "fy": 3091.2565598467872, "fx": 3073.659322833244}, {"id": 4, "img_name": "frame_2380", "width": 3788, "height": 2133, "position": [4.7874740076899105, -0.2947640302376196, 0.571881578495962], "rotation": [[0.3484037437442721, 0.4686712300274799, -0.8117648116847049], [-0.49698657597787443, 0.8266388497086524, 0.26395559370876087], [0.7947447229411237, 0.3114730972281313, 0.5209273798336492]], "fy": 3091.2565598467872, "fx": 3073.659322833244}, {"id": 5, "img_name": "frame_2390", "width": 3788, "height": 2133, "position": [4.777376237568458, -0.2782730262650671, 0.5470289975924673], "rotation": [[0.36052894627255094, 0.46690611655190334, -0.8074760412705906], [-0.49554792176227136, 0.8292953974202126, 0.25826614384147434], [0.7902222068106525, 0.3070306534274255, 0.5303593514959742]], "fy": 3091.2565598467872, "fx": 3073.659322833244}, {"id": 6, "img_name": "frame_2400", "width": 3788, "height": 2133, "position": [4.765985117379026, -0.26155393343462735, 0.5199232666623574], "rotation": [[0.37255160904777007, 0.4652725442204982, -0.8029487892702137], [-0.49391153161164364, 0.8319222813984382, 0.2528966521206996], [0.7856568573728339, 0.30236861164380546, 0.5397374594704722]], "fy": 3091.2565598467872, "fx": 3073.659322833244}, {"id": 7, "img_name": "frame_2410", "width": 3788, "height": 2133, "position": [4.752808470258209, -0.24302460969183423, 0.4906020293000962], "rotation": [[0.38469547165339396, 0.4634902281009455, -0.7982394393565793], [-0.4921832679945372, 0.8345945489157327, 0.2474016362645206], [0.7808745256413415, 0.29770580675404745, 0.5491868787847461]], "fy": 3091.2565598467872, "fx": 3073.659322833244}, {"id": 8, "img_name": "frame_2420", "width": 3788, "height": 2133, "position": [4.73835294538313, -0.2237234828922356, 0.4593486607531822], "rotation": [[0.39744271670896514, 0.4613946044740263, -0.7931924772066703], [-0.49020314262092135, 0.8374751903359235, 0.24152884824877796], [0.7757191282284908, 0.2928315634184016, 0.5590254999249719]], "fy": 3091.2565598467872, "fx": 3073.659322833244}, {"id": 9, "img_name": "frame_2430", "width": 3788, "height": 2133, "position": [4.722789607698825, -0.2025252114853661, 0.4260198262808787], "rotation": [[0.4103120513662742, 0.4592287714420802, -0.7878787698519346], [-0.4883415504616495, 0.8402871563735413, 0.23545705537609204], [0.7701730653536982, 0.288143072645284, 0.5690404371309848]], "fy": 3091.2565598467872, "fx": 3073.659322833244}, {"id": 10, "img_name": "frame_2440", "width": 3788, "height": 2133, "position": [4.704522873105047, -0.17996716064728668, 0.3899516805845721], "rotation": [[0.423435868343856, 0.456964482216364, -0.7822311214676995], [-0.48617403533566417, 0.8432108530786876, 0.22941286933332236], [0.7644193042861495, 0.2831588233536828, 0.5792099860945398]], "fy": 3091.2565598467872, "fx": 3073.659322833244}, {"id": 11, "img_name": "frame_2450", "width": 3788, "height": 2133, "position": [4.685289907968117, -0.15588619942582777, 0.35137077641607234], "rotation": [[0.4364497512348694, 0.4544392587212116, -0.7765285408662943], [-0.4837659831013279, 0.8462248055017267, 0.22332499221441937], [0.7586053573769609, 0.2781879556819102, 0.58917686060511]], "fy": 3091.2565598467872, "fx": 3073.659322833244}, {"id": 12, "img_name": "frame_2460", "width": 3788, "height": 2133, "position": [4.663295263943796, -0.13071352032074032, 0.3106687617198813], "rotation": [[0.4493920816994721, 0.45192589456120574, -0.7705905155988289], [-0.48106522406638746, 0.8492705134026243, 0.2175220569477942], [0.7527436529787359, 0.27295160906266336, 0.5990612756724737]], "fy": 3091.2565598467872, "fx": 3073.659322833244}, {"id": 13, "img_name": "frame_2470", "width": 3788, "height": 2133, "position": [4.640229955147729, -0.10487630341467122, 0.26853718228401585], "rotation": [[0.46205631742988157, 0.449336776784562, -0.7645916691620417], [-0.47820328865711803, 0.8523035737659803, 0.21189675047828188], [0.7468772149695381, 0.2677220184717701, 0.6086865749996032]], "fy": 3091.2565598467872, "fx": 3073.659322833244}, {"id": 14, "img_name": "frame_2480", "width": 3788, "height": 2133, "position": [4.614590622520121, -0.07752933527975242, 0.22463297335020826], "rotation": [[0.474129410856797, 0.4466529012824137, -0.758750609579056], [-0.47535423007362654, 0.8552382404439074, 0.20641198616727416], [0.7411070487532123, 0.262809318439076, 0.6178119490831268]], "fy": 3091.2565598467872, "fx": 3073.659322833244}, {"id": 15, "img_name": "frame_2490", "width": 3788, "height": 2133, "position": [4.588155115214765, -0.05025674258537668, 0.17981144614177838], "rotation": [[0.48548613591155443, 0.4440506647159348, -0.7530751748683553], [-0.4724993430122987, 0.8580274239864539, 0.20132886166696545], [0.7355593672101617, 0.258085154266003, 0.6263740659197822]], "fy": 3091.2565598467872, "fx": 3073.659322833244}, {"id": 16, "img_name": "frame_2500", "width": 3788, "height": 2133, "position": [4.560203539808052, -0.021725296694043356, 0.13370916007883424], "rotation": [[0.4966164832892977, 0.44117914294538046, -0.7474844696415771], [-0.46945936362831725, 0.8608783014951468, 0.19620513733469488], [0.730054774949843, 0.2534748781335353, 0.6346420343218083]], "fy": 3091.2565598467872, "fx": 3073.659322833244}, {"id": 17, "img_name": "frame_2510", "width": 3788, "height": 2133, "position": [4.531056242993582, 0.006644921660394086, 0.08745642842436692], "rotation": [[0.5066490510463845, 0.4388046602516765, -0.7421301834686479], [-0.46683811335411896, 0.8633054139430067, 0.19174446061532116], [0.7248233681344475, 0.24930750569949653, 0.6422436084603184]], "fy": 3091.2565598467872, "fx": 3073.659322833244}, {"id": 18, "img_name": "frame_2520", "width": 3788, "height": 2133, "position": [4.500645957231078, 0.03575513150381215, 0.040575254305453265], "rotation": [[0.5151935658705439, 0.4368897595127312, -0.737362141500702], [-0.46463651659986455, 0.8653025531677844, 0.18805424462972822], [0.7202003173614527, 0.2457210400316214, 0.6487932439215447]], "fy": 3091.2565598467872, "fx": 3073.659322833244}, {"id": 19, "img_name": "frame_2530", "width": 3788, "height": 2133, "position": [4.468531629899533, 0.06582401733698376, -0.006997314253966113], "rotation": [[0.5234042061298227, 0.43476868326801327, -0.7328193700053295], [-0.462373479867321, 0.8673158389340138, 0.18432037502558432], [0.7157225734326075, 0.24236218265972495, 0.654982267161043]], "fy": 3091.2565598467872, "fx": 3073.659322833244}, {"id": 20, "img_name": "frame_2540", "width": 3788, "height": 2133, "position": [4.437146747012222, 0.09525664593459927, -0.05401885021081835], "rotation": [[0.5314315076122286, 0.4325689657643008, -0.728330036847717], [-0.45983372341165507, 0.8693981562532198, 0.1808308400601942], [0.7114306006423727, 0.23881150676025886, 0.6609353710526676]], "fy": 3091.2565598467872, "fx": 3073.659322833244}, {"id": 21, "img_name": "frame_2550", "width": 3788, "height": 2133, "position": [4.403865840182028, 0.12501002632843178, -0.10166571283704229], "rotation": [[0.539327962027775, 0.43034184934418224, -0.7238309485494495], [-0.4573515184737635, 0.8714282862313278, 0.1773198536703484], [0.7070749167695807, 0.23541162813030317, 0.6668031399268679]], "fy": 3091.2565598467872, "fx": 3073.659322833244}, {"id": 22, "img_name": "frame_2560", "width": 3788, "height": 2133, "position": [4.371138597229352, 0.1542772932044368, -0.149090648416609], "rotation": [[0.5472192501369721, 0.4279900536603611, -0.7192882636657788], [-0.4547153405966254, 0.8735109482385223, 0.17381766979663713], [0.7026984070749163, 0.2319550328732683, 0.6726156491036588]], "fy": 3091.2565598467872, "fx": 3073.659322833244}, {"id": 23, "img_name": "frame_2570", "width": 3788, "height": 2133, "position": [4.337189052861009, 0.1840350786026358, -0.1966491018206079], "rotation": [[0.5550554261481497, 0.42555812695939615, -0.714712357863152], [-0.4521230854469125, 0.8755647771970515, 0.1702088027624934], [0.6982107056680381, 0.22866263689262406, 0.6783916339253103]], "fy": 3091.2565598467872, "fx": 3073.659322833244}, {"id": 24, "img_name": "frame_2580", "width": 3788, "height": 2133, "position": [4.303374254112457, 0.21378652331544162, -0.24377947080444226], "rotation": [[0.5629228471290858, 0.4231353956945545, -0.7099819047627177], [-0.44945186462578723, 0.8776155551344844, 0.1666852086131029], [0.6936215751867056, 0.22527177873937804, 0.684208839565165]], "fy": 3091.2565598467872, "fx": 3073.659322833244}, {"id": 25, "img_name": "frame_2590", "width": 3788, "height": 2133, "position": [4.268418000871152, 0.24317840464309612, -0.2912075287348862], "rotation": [[0.5720677756546648, 0.42030865551590924, -0.7043288253052922], [-0.4462443931620433, 0.8799983790376729, 0.16269233068128255], [0.688189219349565, 0.22123174950598043, 0.6909790961972435]], "fy": 3091.2565598467872, "fx": 3073.659322833244}, {"id": 26, "img_name": "frame_2600", "width": 3788, "height": 2133, "position": [4.2326011285845455, 0.2716728907084934, -0.33866698833409326], "rotation": [[0.583528655138204, 0.4166042456283502, -0.6970905329704542], [-0.4419923180750237, 0.8830397161061027, 0.15774552463357067], [0.6812760816256989, 0.216059626732267, 0.6994148542181867]], "fy": 3091.2565598467872, "fx": 3073.659322833244}, {"id": 27, "img_name": "frame_2610", "width": 3788, "height": 2133, "position": [4.196283165047637, 0.3008127329252558, -0.3861816031684359], "rotation": [[0.5969828959441035, 0.41178620087856005, -0.688508203811831], [-0.4365683467717925, 0.8867673749085675, 0.15182786764857162], [0.6730672333037284, 0.20994224816308524, 0.7091577764426573]], "fy": 3091.2565598467872, "fx": 3073.659322833244}, {"id": 28, "img_name": "frame_2620", "width": 3788, "height": 2133, "position": [4.158733987557343, 0.329750303946084, -0.4336348319436342], "rotation": [[0.6121866988314896, 0.40620539587572874, -0.6783985717373269], [-0.43034057895266714, 0.8909247827469828, 0.14512070008763198], [0.6633509115698012, 0.20310147180334176, 0.7202189668918962]], "fy": 3091.2565598467872, "fx": 3073.659322833244}, {"id": 29, "img_name": "frame_2630", "width": 3788, "height": 2133, "position": [4.120624050430225, 0.3584470775346701, -0.48050190262616116], "rotation": [[0.6283702236066071, 0.4001199832445424, -0.6671243220667114], [-0.4232614678817082, 0.8953823218850774, 0.13834821091112537], [0.6526872083097722, 0.19543412359174783, 0.7319869612532188]], "fy": 3091.2565598467872, "fx": 3073.659322833244}, {"id": 30, "img_name": "frame_2640", "width": 3788, "height": 2133, "position": [4.081183573955008, 0.3867875547865819, -0.5269745295512802], "rotation": [[0.6452602939157827, 0.3934284831886047, -0.654868827866796], [-0.41566088316249516, 0.9000151528562458, 0.13114402326344426], [0.640987662365113, 0.18758132435043232, 0.7442768728441356]], "fy": 3091.2565598467872, "fx": 3073.659322833244}, {"id": 31, "img_name": "frame_2650", "width": 3788, "height": 2133, "position": [4.040771363289456, 0.4145963988375117, -0.5729437984748615], "rotation": [[0.6617649572730224, 0.3865918930953649, -0.6423502545483862], [-0.40786120501316875, 0.9045558843011553, 0.1242090561165371], [0.6290599166777683, 0.17979254814673792, 0.7562792214918125]], "fy": 3091.2565598467872, "fx": 3073.659322833244}, {"id": 32, "img_name": "frame_2660", "width": 3788, "height": 2133, "position": [3.999280023820067, 0.4422762647483227, -0.6180904015083841], "rotation": [[0.678092966731824, 0.3794431772046561, -0.6294543698646226], [-0.399751768878093, 0.9090788501915961, 0.11736339895027294], [0.6167563957898361, 0.17204220240150717, 0.76812305579586]], "fy": 3091.2565598467872, "fx": 3073.659322833244}, {"id": 33, "img_name": "frame_2670", "width": 3788, "height": 2133, "position": [3.9574142442700326, 0.4694339077122176, -0.6627830196830097], "rotation": [[0.6939340044327962, 0.3721312423581648, -0.6164202592005171], [-0.3915288983368484, 0.9134822337899923, 0.11070379540548642], [0.6042852962459023, 0.1645252169456548, 0.77959651982932]], "fy": 3091.2565598467872, "fx": 3073.659322833244}, {"id": 34, "img_name": "frame_2680", "width": 3788, "height": 2133, "position": [3.91448640679276, 0.4956297280607337, -0.7062202739474535], "rotation": [[0.7089563484746672, 0.36506572019455535, -0.6034135529604032], [-0.38332698675870025, 0.917647408371278, 0.10480293474885273], [0.5919808419028115, 0.15700399309669727, 0.7905114983172166]], "fy": 3091.2565598467872, "fx": 3073.659322833244}, {"id": 35, "img_name": "frame_2690", "width": 3788, "height": 2133, "position": [3.8715342473313434, 0.5213502739565375, -0.7486983982410166], "rotation": [[0.7234332888844475, 0.3579127176583807, -0.5903751037029114], [-0.37536264447667894, 0.9216019172548836, 0.0987562212905938], [0.5794369350199429, 0.15016122219306385, 0.8010645702339978]], "fy": 3091.2565598467872, "fx": 3073.659322833244}, {"id": 36, "img_name": "frame_2700", "width": 3788, "height": 2133, "position": [3.8271411907895425, 0.5467832799530795, -0.7906507786772077], "rotation": [[0.7369822334502677, 0.3509970134710025, -0.5776316162686147], [-0.36772008247685567, 0.9252670270904183, 0.09307453745506034], [0.5671323730152156, 0.14381246508455353, 0.8109740109056728]], "fy": 3091.2565598467872, "fx": 3073.659322833244}, {"id": 37, "img_name": "frame_2710", "width": 3788, "height": 2133, "position": [3.7825229279419488, 0.572146745151205, -0.83198328852821], "rotation": [[0.749141403113379, 0.3446233594573136, -0.565704780126236], [-0.3604965297126255, 0.9285728092019832, 0.08828810834926504], [0.5557242213602642, 0.13779433271035754, 0.8198678623207738]], "fy": 3091.2565598467872, "fx": 3073.659322833244}, {"id": 38, "img_name": "frame_2720", "width": 3788, "height": 2133, "position": [3.7359063459951587, 0.5962704684577614, -0.8726191529061571], "rotation": [[0.7610220377304319, 0.33848406382426305, -0.5534202712456721], [-0.3534013131998501, 0.9317036700416642, 0.08387957474567362], [0.5440155971268126, 0.1317452457127232, 0.8286677381887458]], "fy": 3091.2565598467872, "fx": 3073.659322833244}, {"id": 39, "img_name": "frame_2730", "width": 3788, "height": 2133, "position": [3.688122661939409, 0.6196057809673305, -0.9130681331009599], "rotation": [[0.7725603035540995, 0.3320863767178904, -0.5411739237719987], [-0.34614852075516334, 0.9348064704317393, 0.07948625301249267], [0.5322891873327973, 0.1259186294292356, 0.8371455786249205]], "fy": 3091.2565598467872, "fx": 3073.659322833244}, {"id": 40, "img_name": "frame_2740", "width": 3788, "height": 2133, "position": [3.638875189395169, 0.6431778509109782, -0.9525642847929428], "rotation": [[0.7838016637778608, 0.32560948796150396, -0.5288037568025634], [-0.3387213866615677, 0.9378586340544498, 0.07542549136457007], [0.520502424660176, 0.11999851615319806, 0.8453860550327931]], "fy": 3091.2565598467872, "fx": 3073.659322833244}, {"id": 41, "img_name": "frame_2750", "width": 3788, "height": 2133, "position": [3.5888748352137188, 0.665957225344368, -0.9912608948999869], "rotation": [[0.7946503027954704, 0.3192843633602234, -0.5163219844057814], [-0.33141074034856616, 0.9407591435130818, 0.0716879005003489], [0.5086234534984425, 0.11414783927078703, 0.8533888054932102]], "fy": 3091.2565598467872, "fx": 3073.659322833244}, {"id": 42, "img_name": "frame_2760", "width": 3788, "height": 2133, "position": [3.5382994906121628, 0.6880141259591661, -1.0296436720937274], "rotation": [[0.8052189653989958, 0.31163276345851804, -0.5044873026162087], [-0.32291485847793155, 0.944001988427012, 0.06772178394006767], [0.4973413434814645, 0.10837558112903078, 0.8607591541650875]], "fy": 3091.2565598467872, "fx": 3073.659322833244}, {"id": 43, "img_name": "frame_2770", "width": 3788, "height": 2133, "position": [3.487346102324245, 0.7097015657973772, -1.0674041845956466], "rotation": [[0.8153829301041768, 0.3043698286049563, -0.49245272334480694], [-0.3151355348308023, 0.9469216283692117, 0.06347459659978381], [0.48563388677236224, 0.1034332497874385, 0.8680214806424885]], "fy": 3091.2565598467872, "fx": 3073.659322833244}, {"id": 44, "img_name": "frame_2780", "width": 3788, "height": 2133, "position": [3.4356716522504867, 0.7307135562678135, -1.1046106874463], "rotation": [[0.8253591326135077, 0.2969513358317393, -0.48021058543020884], [-0.3071441253425688, 0.9498051749640105, 0.059435813102318415], [0.4737560432110885, 0.09843796909389639, 0.8751372336734635]], "fy": 3091.2565598467872, "fx": 3073.659322833244}, {"id": 45, "img_name": "frame_2790", "width": 3788, "height": 2133, "position": [3.3830974022271456, 0.7521136586269442, -1.1416167578525251], "rotation": [[0.8350017698566065, 0.28941566514051403, -0.4679857018196269], [-0.2992036614027001, 0.9525881087374883, 0.05525453913619657], [0.46178914380867936, 0.0938853974972094, 0.8820069834174996]], "fy": 3091.2565598467872, "fx": 3073.659322833244}, {"id": 46, "img_name": "frame_2800", "width": 3788, "height": 2133, "position": [3.3296611641054668, 0.7730554011688914, -1.1777077663384894], "rotation": [[0.8444945800369751, 0.2815652434744741, -0.45557646773657356], [-0.2908059000678737, 0.9553996325857957, 0.05141469187537836], [0.44973418012631305, 0.08906489612684881, 0.8887106455444465]], "fy": 3091.2565598467872, "fx": 3073.659322833244}, {"id": 47, "img_name": "frame_2810", "width": 3788, "height": 2133, "position": [3.2752940563272297, 0.79309312703351, -1.2131116483427573], "rotation": [[0.8536096926287622, 0.27365098724577513, -0.4432444357571145], [-0.2821237679241951, 0.9581647697820467, 0.04823332375829881], [0.43790029940899217, 0.08387735765944593, 0.8951021822393151]], "fy": 3091.2565598467872, "fx": 3073.659322833244}, {"id": 48, "img_name": "frame_2820", "width": 3788, "height": 2133, "position": [3.220723884443662, 0.8127974214172417, -1.2482539090571048], "rotation": [[0.8623841909955685, 0.2657219164139578, -0.4309122535484601], [-0.2736598018346008, 0.9607830302727302, 0.04479153491226767], [0.42591527324195094, 0.07929585031540712, 0.9012815032729736]], "fy": 3091.2565598467872, "fx": 3073.659322833244}, {"id": 49, "img_name": "frame_2830", "width": 3788, "height": 2133, "position": [3.165792631792453, 0.8318553428902626, -1.2821985498288488], "rotation": [[0.8706985969041892, 0.25789569135371726, -0.4187765104805479], [-0.2654055138985018, 0.9632484219547142, 0.04138104389723729], [0.4140578057969061, 0.07511517811295598, 0.9071459879620869]], "fy": 3091.2565598467872, "fx": 3073.659322833244}, {"id": 50, "img_name": "frame_2840", "width": 3788, "height": 2133, "position": [3.1102770056929487, 0.8504955018654087, -1.31577446033205], "rotation": [[0.8788744534915995, 0.2501267918301956, -0.4062219627353696], [-0.2573456224103801, 0.9655809780083187, 0.03777043201649897], [0.4016875970528044, 0.0713439760402578, 0.9129934892739985]], "fy": 3091.2565598467872, "fx": 3073.659322833244}, {"id": 51, "img_name": "frame_2850", "width": 3788, "height": 2133, "position": [3.054319287288792, 0.8698819080105564, -1.3484058227944233], "rotation": [[0.886775423802399, 0.24208243697358817, -0.3937327030473899], [-0.24882466606614248, 0.9679263997912192, 0.03470979896630808], [0.3895069104613525, 0.06719061166664252, 0.9185694249248199]], "fy": 3091.2565598467872, "fx": 3073.659322833244}, {"id": 52, "img_name": "frame_2860", "width": 3788, "height": 2133, "position": [2.997478108452728, 0.8881037747653716, -1.3802876167716218], "rotation": [[0.8945223719471185, 0.2339133155643297, -0.3809386917704782], [-0.24005548328206833, 0.9702294756357139, 0.03206445935705264], [0.3770982511658118, 0.06276404551452831, 0.924044145892574]], "fy": 3091.2565598467872, "fx": 3073.659322833244}, {"id": 53, "img_name": "frame_2870", "width": 3788, "height": 2133, "position": [2.9399251346630377, 0.9051196312885665, -1.4112439388291942], "rotation": [[0.9022431938126979, 0.22567823806367943, -0.367459592449477], [-0.23126066226364725, 0.9724472147010192, 0.029409534331728403], [0.36397214908292336, 0.05844439652099315, 0.9295743795992094]], "fy": 3091.2565598467872, "fx": 3073.659322833244}, {"id": 54, "img_name": "frame_2880", "width": 3788, "height": 2133, "position": [2.8817432325254915, 0.9219429632628541, -1.4413298959879317], "rotation": [[0.9098782118089883, 0.21703945899036148, -0.35357532848948764], [-0.2221134071919675, 0.9746550382513847, 0.02670563155529185], [0.350410151138424, 0.05423494862506062, 0.9350247570662416]], "fy": 3091.2565598467872, "fx": 3073.659322833244}, {"id": 55, "img_name": "frame_2890", "width": 3788, "height": 2133, "position": [2.8228791387961194, 0.9381169401415105, -1.4706683460061076], "rotation": [[0.9174844318002614, 0.20778831898775915, -0.33918480493146014], [-0.21238512538766877, 0.976892262671606, 0.023959667076451332], [0.33632555049864354, 0.050055185791198754, 0.9404145907296384]], "fy": 3091.2565598467872, "fx": 3073.659322833244}, {"id": 56, "img_name": "frame_2900", "width": 3788, "height": 2133, "position": [2.763062682173947, 0.9546689116695174, -1.4989878951655007], "rotation": [[0.9246926098635768, 0.19863777525066925, -0.32478702484420746], [-0.20277391240349246, 0.9789910013356616, 0.02143267954268216], [0.32222091445507994, 0.046039695342857824, 0.945544302896733]], "fy": 3091.2565598467872, "fx": 3073.659322833244}, {"id": 57, "img_name": "frame_2910", "width": 3788, "height": 2133, "position": [2.70262109255684, 0.9702163759425321, -1.5262858568564652], "rotation": [[0.9315166313107164, 0.1896312583194335, -0.3103494022222745], [-0.19329566319700808, 0.9809525198572141, 0.01920782067311785], [0.30808043134993773, 0.04209678911710651, 0.9504284866128889]], "fy": 3091.2565598467872, "fx": 3073.659322833244}, {"id": 58, "img_name": "frame_2920", "width": 3788, "height": 2133, "position": [2.6409902350857988, 0.9850885188479901, -1.5529138057177712], "rotation": [[0.937916328159943, 0.18004879403278887, -0.2964715722262565], [-0.1832556196451069, 0.9829151161624534, 0.017182906850666983], [0.29450015151007636, 0.0382139527749898, 0.954887089960825]], "fy": 3091.2565598467872, "fx": 3073.659322833244}, {"id": 59, "img_name": "frame_2930", "width": 3788, "height": 2133, "position": [2.5869486161520303, 0.9962480807385982, -1.5763047115491782], "rotation": [[0.9439561871715836, 0.16876598489697048, -0.2836631083560952], [-0.17140338142853476, 0.9850760247513825, 0.01568777533233859], [0.2820772900028475, 0.03381224337084482, 0.9587956688799133]], "fy": 3091.2565598467872, "fx": 3073.659322833244}, {"id": 60, "img_name": "frame_2940", "width": 3788, "height": 2133, "position": [2.5428487587167994, 1.0052062590005733, -1.5939127493852043], "rotation": [[0.9494590477070887, 0.159519062104552, -0.2703353205787811], [-0.16177028986030026, 0.9867279203492499, 0.0140849040379738], [0.2689942193536188, 0.0303591835945663, 0.9626631965156913]], "fy": 3091.2565598467872, "fx": 3073.659322833244}, {"id": 61, "img_name": "frame_2950", "width": 3788, "height": 2133, "position": [2.5058793382525777, 1.0118327190455458, -1.606379853872849], "rotation": [[0.954487225027738, 0.15217082378824545, -0.2565115546061331], [-0.1543738500347128, 0.9879438203354394, 0.011649990835919838], [0.2551917939203932, 0.028478908838362522, 0.9664709514864209]], "fy": 3091.2565598467872, "fx": 3073.659322833244}, {"id": 62, "img_name": "frame_2960", "width": 3788, "height": 2133, "position": [2.4718084711677424, 1.0165700747903756, -1.6168900201826135], "rotation": [[0.9588122923857194, 0.14520379627675684, -0.2441205552936092], [-0.14724540767665506, 0.9890497737326382, 0.009966694414555303], [0.2428945818419539, 0.026389441567331185, 0.9696936730151368]], "fy": 3091.2565598467872, "fx": 3073.659322833244}, {"id": 63, "img_name": "frame_2970", "width": 3788, "height": 2133, "position": [2.437613564986594, 1.0208126444636096, -1.6258911651243244], "rotation": [[0.9628230475871233, 0.1384364258925161, -0.23196365021517948], [-0.1403492194837334, 0.9900671076783879, 0.00831978867871916], [0.2308113420639269, 0.024545432965372965, 0.972688874252806]], "fy": 3091.2565598467872, "fx": 3073.659322833244}, {"id": 64, "img_name": "frame_2980", "width": 3788, "height": 2133, "position": [2.401356886330288, 1.0248419597739806, -1.6348343210126695], "rotation": [[0.9666728788942831, 0.13160070728465365, -0.21960145503255987], [-0.133297095085929, 0.9910503952156801, 0.007141329322825099], [0.21857591278979327, 0.022368906656855998, 0.9755635306647564]], "fy": 3091.2565598467872, "fx": 3073.659322833244}, {"id": 65, "img_name": "frame_2990", "width": 3788, "height": 2133, "position": [2.363017186293608, 1.0295471372879872, -1.6434318912789514], "rotation": [[0.9702915976437112, 0.12446531177383638, -0.2074671099404819], [-0.12597329670800367, 0.9920156074347611, 0.005980227617673793], [0.2065549419852538, 0.0203327511882586, 0.9782237142753109]], "fy": 3091.2565598467872, "fx": 3073.659322833244}, {"id": 66, "img_name": "frame_3000", "width": 3788, "height": 2133, "position": [2.322092828221368, 1.0337244474279141, -1.6524344265937034], "rotation": [[0.9737661387408219, 0.11839635749219833, -0.1943239809554399], [-0.11972381598033799, 0.9927949368840935, 0.004941779478588301], [0.19350895309751626, 0.018453071015102226, 0.9809249559682]], "fy": 3091.2565598467872, "fx": 3073.659322833244}, {"id": 67, "img_name": "frame_3010", "width": 3788, "height": 2133, "position": [2.277422321734565, 1.0384414340296144, -1.6613963497639639], "rotation": [[0.976704728337693, 0.11319085114531909, -0.18230662319233326], [-0.11437084396118266, 0.9934298193898745, 0.0040625113671244545], [0.1815686748709699, 0.016882688293024393, 0.9832333350439256]], "fy": 3091.2565598467872, "fx": 3073.659322833244}, {"id": 68, "img_name": "frame_3020", "width": 3788, "height": 2133, "position": [2.2301269947785416, 1.0421539215963862, -1.6704741635429763], "rotation": [[0.9793851052615928, 0.10789703686962626, -0.17077190936009812], [-0.10890085411106737, 0.9940464321749002, 0.0035063733730818693], [0.17013353451221508, 0.015163116932410235, 0.985304349081681]], "fy": 3091.2565598467872, "fx": 3073.659322833244}, {"id": 69, "img_name": "frame_3030", "width": 3788, "height": 2133, "position": [2.180359266735031, 1.046618202813438, -1.6792578907684934], "rotation": [[0.9819292186988445, 0.10250307587814998, -0.15908528813499764], [-0.10335654428014118, 0.994640078783335, 0.002922059607242011], [0.1585321236215052, 0.013573249920313302, 0.9872605191471281]], "fy": 3091.2565598467872, "fx": 3073.659322833244}, {"id": 70, "img_name": "frame_3040", "width": 3788, "height": 2133, "position": [2.127923709303279, 1.05069412578023, -1.687868048888695], "rotation": [[0.9841487224909676, 0.09697338033876193, -0.14848385610924236], [-0.09766420512433432, 0.99521589886663, 0.002649090507709383], [0.14803038558629883, 0.011894458741780045, 0.9889112835812988]], "fy": 3091.2565598467872, "fx": 3073.659322833244}, {"id": 71, "img_name": "frame_3050", "width": 3788, "height": 2133, "position": [2.0737772901183638, 1.0544990247494532, -1.6964731559440824], "rotation": [[0.9860666630996112, 0.09116079879953715, -0.1391482830861672], [-0.09173429336268966, 0.9957808640010817, 0.0023000675005489467], [0.1387708735464536, 0.010496649536370892, 0.9902688852042485]], "fy": 3091.2565598467872, "fx": 3073.659322833244}, {"id": 72, "img_name": "frame_3060", "width": 3788, "height": 2133, "position": [2.0182775129378556, 1.0584409483122608, -1.7048919289290407], "rotation": [[0.9878512363134468, 0.08541061584360057, -0.12982665987851455], [-0.08586580979380394, 0.9963045028738948, 0.002097680065111684], [0.12952604997624576, 0.009075475437582761, 0.9915344866030293]], "fy": 3091.2565598467872, "fx": 3073.659322833244}, {"id": 73, "img_name": "frame_3070", "width": 3788, "height": 2133, "position": [1.9613054637603227, 1.0628460106972983, -1.712637413797455], "rotation": [[0.9895149217209875, 0.07958851355863027, -0.12052339275441627], [-0.07995740693626703, 0.9967966919220607, 0.0017799014762253358], [0.12027897890959897, 0.007875498889886215, 0.9927088917450572]], "fy": 3091.2565598467872, "fx": 3073.659322833244}, {"id": 74, "img_name": "frame_3080", "width": 3788, "height": 2133, "position": [1.902694190983704, 1.066777443873917, -1.7202935651301707], "rotation": [[0.9909702341209606, 0.07410534245282004, -0.11174253132177821], [-0.07439041109214939, 0.9972278758262824, 0.0016218546610629015], [0.1115529552445355, 0.006705363148320786, 0.9937358684687091]], "fy": 3091.2565598467872, "fx": 3073.659322833244}, {"id": 75, "img_name": "frame_3090", "width": 3788, "height": 2133, "position": [1.8431891522328696, 1.0701726457408804, -1.7275885545004999], "rotation": [[0.992263070631332, 0.06864517882347539, -0.10344968866832567], [-0.06884395478253884, 0.9976260725106085, 0.001652070506210667], [0.10331751328395478, 0.005482597135557879, 0.994633315638215]], "fy": 3091.2565598467872, "fx": 3073.659322833244}, {"id": 76, "img_name": "frame_3100", "width": 3788, "height": 2133, "position": [1.7826162849417793, 1.0735754763887069, -1.7345143319167535], "rotation": [[0.9934357316823492, 0.06350060840376319, -0.09514788357660611], [-0.06364263774928539, 0.9979715577103313, 0.0015442349328036228], [0.09505294144353828, 0.004521364126717915, 0.995461950849637]], "fy": 3091.2565598467872, "fx": 3073.659322833244}, {"id": 77, "img_name": "frame_3110", "width": 3788, "height": 2133, "position": [1.7212492122740726, 1.0759124912997535, -1.7411290704591695], "rotation": [[0.9944820710288815, 0.05845555090893029, -0.0871111873988651], [-0.05854787329889551, 0.9982834796259902, 0.0014969428852107058], [0.08704916389192498, 0.0036114919020488055, 0.996197470480606]], "fy": 3091.2565598467872, "fx": 3073.659322833244}, {"id": 78, "img_name": "frame_3120", "width": 3788, "height": 2133, "position": [1.6589552750474603, 1.0775846191129195, -1.7470810466985978], "rotation": [[0.9954018412183973, 0.05357526005262323, -0.07940318639272884], [-0.0536287645450672, 0.9985598749281112, 0.0014600674384434426], [0.07936705936592578, 0.0028049409706541067, 0.9968415130770573]], "fy": 3091.2565598467872, "fx": 3073.659322833244}, {"id": 79, "img_name": "frame_3130", "width": 3788, "height": 2133, "position": [1.5963792011152476, 1.079873016047078, -1.7527148658495348], "rotation": [[0.9961941634814919, 0.04888254687884688, -0.0721642934978781], [-0.04891454535732894, 0.9988020885448741, 0.0013248286240894428], [0.07214260806136942, 0.0022100970645504386, 0.9973918786380149]], "fy": 3091.2565598467872, "fx": 3073.659322833244}, {"id": 80, "img_name": "frame_3140", "width": 3788, "height": 2133, "position": [1.5327752667414656, 1.081000563351296, -1.7575557955618364], "rotation": [[0.9969345609752948, 0.0440060658637902, -0.06469116864138395], [-0.04400034506749197, 0.9990303688820129, 0.001513831368077226], [0.06469505983410061, 0.0013372429327155105, 0.9979041842854459]], "fy": 3091.2565598467872, "fx": 3073.659322833244}, {"id": 81, "img_name": "frame_3150", "width": 3788, "height": 2133, "position": [1.4690598761548743, 1.081738068790663, -1.762046785110259], "rotation": [[0.9976127703278118, 0.039089335665207114, -0.05692788698099837], [-0.03906649869869834, 0.9992354653547344, 0.001514416300803545], [0.056943561166238596, 0.000713172181388598, 0.9983771442832345]], "fy": 3091.2565598467872, "fx": 3073.659322833244}, {"id": 82, "img_name": "frame_3160", "width": 3788, "height": 2133, "position": [1.4048909996858183, 1.08230434446472, -1.7659764885812053], "rotation": [[0.9982412266872243, 0.033825336892686124, -0.04868572610203299], [-0.03379109421564887, 0.9994277521937526, 0.001526465411342023], [0.048709499008869214, 0.00012136325295739292, 0.9988129804809636]], "fy": 3091.2565598467872, "fx": 3073.659322833244}, {"id": 83, "img_name": "frame_3170", "width": 3788, "height": 2133, "position": [1.3404352535400992, 1.0830698552928668, -1.7687932984833667], "rotation": [[0.998746054587355, 0.02884271368911913, -0.04091963236931121], [-0.028804624224730235, 0.9995839046824655, 0.0015202378194893497], [0.04094645368605401, -0.00033965689043735447, 0.9991612845600718]], "fy": 3091.2565598467872, "fx": 3073.659322833244}, {"id": 84, "img_name": "frame_3180", "width": 3788, "height": 2133, "position": [1.2757486631142305, 1.0829368954056167, -1.7717374440263989], "rotation": [[0.9991105322988133, 0.02457224486472587, -0.03426877634071461], [-0.02453401804150079, 0.9996978162624577, 0.001535616753195312], [0.03429615442467687, -0.0006935000946886956, 0.9994114732427766]], "fy": 3091.2565598467872, "fx": 3073.659322833244}, {"id": 85, "img_name": "frame_3190", "width": 3788, "height": 2133, "position": [1.2118174830542763, 1.0832665663900833, -1.7734658834811479], "rotation": [[0.999381770130937, 0.02072115219716854, -0.028402665043562658], [-0.02068904593517411, 0.9997849449142334, 0.0014238332539922172], [0.028426060371555074, -0.0008353289559784022, 0.999595548868285]], "fy": 3091.2565598467872, "fx": 3073.659322833244}, {"id": 86, "img_name": "frame_3200", "width": 3788, "height": 2133, "position": [1.1480011297853976, 1.0838346211136836, -1.7743219634675358], "rotation": [[0.9995713027599962, 0.0175337828726248, -0.02344732728606481], [-0.017507895486007567, 0.9998458682957186, 0.0013089108570571578], [0.02346666346831663, -0.00089783637503469, 0.999724216769559]], "fy": 3091.2565598467872, "fx": 3073.659322833244}, {"id": 87, "img_name": "frame_3210", "width": 3788, "height": 2133, "position": [1.085503853929962, 1.0838178870254305, -1.7747197299815782], "rotation": [[0.9997312314427607, 0.014095302934642026, -0.01840617595054], [-0.014074323220897043, 0.9999001467160212, 0.0012688668774681118], [0.018422223096447497, -0.0010094713763595235, 0.9998297868456035]], "fy": 3091.2565598467872, "fx": 3073.659322833244}, {"id": 88, "img_name": "frame_3220", "width": 3788, "height": 2133, "position": [1.0232778551018633, 1.0831091228157022, -1.7747067409108839], "rotation": [[0.9998573782864768, 0.010678122823224754, -0.013084371557905055], [-0.010662561317617326, 0.9999423613147029, 0.0012585048765425418], [0.013097055861575864, -0.0011188124723819212, 0.9999136039610674]], "fy": 3091.2565598467872, "fx": 3073.659322833244}, {"id": 89, "img_name": "frame_3230", "width": 3788, "height": 2133, "position": [0.9615723197581728, 1.081970049085283, -1.7739953599667488], "rotation": [[0.9999186152865575, 0.008448048653736823, -0.009559983125384938], [-0.008437014174744798, 0.9999636949443268, 0.0011939786866291967], [0.009569722839701506, -0.001113223801876735, 0.9999535894918014]], "fy": 3091.2565598467872, "fx": 3073.659322833244}, {"id": 90, "img_name": "frame_3240", "width": 3788, "height": 2133, "position": [0.9003408410084711, 1.0807661576710597, -1.7729144860110229], "rotation": [[0.9999570083722715, 0.006484547563406617, -0.006628125683397561], [-0.006477871788080096, 0.9999784897988571, 0.0010281618035047153], [0.006634650275198616, -0.000985181452782884, 0.9999775051636066]], "fy": 3091.2565598467872, "fx": 3073.659322833244}, {"id": 91, "img_name": "frame_3250", "width": 3788, "height": 2133, "position": [0.8395799003433315, 1.0804238452872634, -1.771024500995046], "rotation": [[0.9999848023693327, 0.00438043284684742, -0.0033476616376884386], [-0.004378757976739022, 0.9999902844260734, 0.0005074761489125667], [0.0033498520784260052, -0.0004928098363780317, 0.9999942677983299]], "fy": 3091.2565598467872, "fx": 3073.659322833244}, {"id": 92, "img_name": "frame_3260", "width": 3788, "height": 2133, "position": [0.7794781736216371, 1.079139934673654, -1.7695830062262017], "rotation": [[0.9999980886924688, 0.001757831605363706, 0.0008559436059841493], [-0.0017579974150844716, 0.9999984360964583, 0.00019300188118025132], [-0.0008556030025642792, -0.00019450625894108046, 0.9999996150553346]], "fy": 3091.2565598467872, "fx": 3073.659322833244}, {"id": 93, "img_name": "frame_3270", "width": 3788, "height": 2133, "position": [0.7193526847940556, 1.077888574302977, -1.7678534903742067], "rotation": [[0.9999665730256861, -0.0025483139659009655, 0.007769100797144692], [0.002550490833214177, 0.9999967109616034, -0.00027030073092810457], [-0.007768386433146246, 0.0002901067159579494, 0.9999697835486422]], "fy": 3091.2565598467872, "fx": 3073.659322833244}, {"id": 94, "img_name": "frame_3280", "width": 3788, "height": 2133, "position": [0.658008662679308, 1.07609922763442, -1.7656151352804832], "rotation": [[0.999860265045405, -0.007035954515051081, 0.015163961467721792], [0.007044787018366489, 0.9999750451881796, -0.0005291283059010985], [-0.015159860131223968, 0.0006358812470761146, 0.9998848805216733]], "fy": 3091.2565598467872, "fx": 3073.659322833244}, {"id": 95, "img_name": "frame_3290", "width": 3788, "height": 2133, "position": [0.5959495633162902, 1.0745547014074093, -1.7635244978584532], "rotation": [[0.9997383465427317, -0.010267984393059666, 0.020440326526470546], [0.010287098580743451, 0.9999467417741285, -0.0008301916011443757], [-0.020430713516539706, 0.0010402460326421291, 0.9997907300197361]], "fy": 3091.2565598467872, "fx": 3073.659322833244}, {"id": 96, "img_name": "frame_3300", "width": 3788, "height": 2133, "position": [0.5340291940412623, 1.0730917791976373, -1.7606621187052], "rotation": [[0.9996198795676775, -0.012575216194731821, 0.02453487947306163], [0.01260534019713919, 0.999919973269068, -0.0010735250814581895], [-0.0245194162168738, 0.0013823875150938657, 0.9996983981347283]], "fy": 3091.2565598467872, "fx": 3073.659322833244}, {"id": 97, "img_name": "frame_3310", "width": 3788, "height": 2133, "position": [0.47172360847974354, 1.0712681768261776, -1.7573191447747925], "rotation": [[0.999496903068189, -0.01477368854059543, 0.028065617470576665], [0.014815934475854612, 0.9998893956653544, -0.001297891204850593], [-0.028043338651209865, 0.0017130565892360728, 0.9996052403796287]], "fy": 3091.2565598467872, "fx": 3073.659322833244}, {"id": 98, "img_name": "frame_3320", "width": 3788, "height": 2133, "position": [0.40876998850235474, 1.0690775055234545, -1.7534466248116671], "rotation": [[0.9993703886028447, -0.016725073528792517, 0.03129054648381243], [0.01677124445837094, 0.9998586161945192, -0.0012136642447279653], [-0.031265823883542626, 0.001737681512203202, 0.9995095941109547]], "fy": 3091.2565598467872, "fx": 3073.659322833244}, {"id": 99, "img_name": "frame_3330", "width": 3788, "height": 2133, "position": [0.3463714247642827, 1.0664406471853152, -1.749742070481167], "rotation": [[0.9992237405670206, -0.01898951862970918, 0.034515423646011394], [0.019058356222862772, 0.9998169842288429, -0.00166