[{"id": 0, "img_name": "DSCF0656", "width": 3115, "height": 2078, "position": [-3.5042001994644654, 1.9112193314103352, -0.7310674927633086], "rotation": [[0.5945884113529734, -0.21962632761896161, 0.7734525824517984], [0.4419520485667952, 0.8928866037465515, -0.08620846604343206], [-0.6716718006976031, 0.39308750815379134, 0.6279643326504161]], "fy": 3240.8079303073573, "fx": 3231.5814007282897}, {"id": 1, "img_name": "DSCF0657", "width": 3115, "height": 2078, "position": [-3.447550293612859, 1.9332162069831742, -0.8451305630063616], "rotation": [[0.6232529930202758, -0.21977203475919327, 0.7505038037405753], [0.4308573407670315, 0.897404136335376, -0.09501456727955011], [-0.6526236730294344, 0.38257818655271236, 0.6540002083911044]], "fy": 3240.8079303073573, "fx": 3231.5814007282897}, {"id": 2, "img_name": "DSCF0658", "width": 3115, "height": 2078, "position": [-3.3423470718398547, 1.9798095023555027, -0.9864374407142349], "rotation": [[0.660219586565919, -0.21331806487288538, 0.720142694688778], [0.4077273863961059, 0.9070323205905525, -0.10512253700666495], [-0.6307681633511059, 0.3630258566590051, 0.6858161207639172]], "fy": 3240.8079303073573, "fx": 3231.5814007282897}, {"id": 3, "img_name": "DSCF0659", "width": 3115, "height": 2078, "position": [-3.2436580587742228, 2.0556785701510254, -1.0996525105458352], "rotation": [[0.6941353163596232, -0.21230693764377162, 0.6878240522187702], [0.3908120789696639, 0.9135810747622851, -0.11240791238875134], [-0.6045180572271889, 0.34683624964024695, 0.7171210040305287]], "fy": 3240.8079303073573, "fx": 3231.5814007282897}, {"id": 4, "img_name": "DSCF0660", "width": 3115, "height": 2078, "position": [-3.1104703724759966, 2.1035254395472855, -1.23131891546309], "rotation": [[0.7343463416093016, -0.20376532467924674, 0.6474682563828099], [0.3707431084379142, 0.9194308975919958, -0.1311349385136169], [-0.5685815668053511, 0.33634285634087463, 0.7507253058726832]], "fy": 3240.8079303073573, "fx": 3231.5814007282897}, {"id": 5, "img_name": "DSCF0661", "width": 3115, "height": 2078, "position": [-2.9459899576376394, 2.16659238484796, -1.3425728665828294], "rotation": [[0.7578262657939061, -0.2022581073978977, 0.6203152495825687], [0.35287700892958906, 0.9267440708053066, -0.1289311591358565], [-0.5487961073493239, 0.31660240873851436, 0.7736832344953587]], "fy": 3240.8079303073573, "fx": 3231.5814007282897}, {"id": 6, "img_name": "DSCF0662", "width": 3115, "height": 2078, "position": [-2.7987085774939615, 2.2224755617984346, -1.4678032863409773], "rotation": [[0.7866159400641786, -0.18594294096221947, 0.5887788935952689], [0.3310544912752297, 0.9319365538305562, -0.14797696929226992], [-0.5211893002004621, 0.31131893990046133, 0.7946333940980618]], "fy": 3240.8079303073573, "fx": 3231.5814007282897}, {"id": 7, "img_name": "DSCF0663", "width": 3115, "height": 2078, "position": [-2.6589053375983647, 2.28762065693878, -1.578148672334306], "rotation": [[0.8208356598414109, -0.1822386752851793, 0.5413112642122079], [0.31253856838519245, 0.9365674774259859, -0.15862220367798352], [-0.47806742495640725, 0.29938340878917835, 0.8257245979970088]], "fy": 3240.8079303073573, "fx": 3231.5814007282897}, {"id": 8, "img_name": "DSCF0664", "width": 3115, "height": 2078, "position": [-2.4625439597145733, 2.345285071257704, -1.6663571381310143], "rotation": [[0.8442445060170024, -0.171707964271384, 0.5077081731328389], [0.2941240855439632, 0.9403343554157629, -0.17106233462615006], [-0.44804267248001617, 0.2937476383404616, 0.8443755613507336]], "fy": 3240.8079303073573, "fx": 3231.5814007282897}, {"id": 9, "img_name": "DSCF0665", "width": 3115, "height": 2078, "position": [-2.319625111752014, 2.4149179177607945, -1.7465883590662932], "rotation": [[0.8662040549993324, -0.16938420539072238, 0.4701058668713541], [0.2774879112582853, 0.9454546409017196, -0.1706340561052059], [-0.41556105954267136, 0.2782526063877105, 0.8659587131210231]], "fy": 3240.8079303073573, "fx": 3231.5814007282897}, {"id": 10, "img_name": "DSCF0666", "width": 3115, "height": 2078, "position": [-2.149429270512554, 2.4497073478569056, -1.8403281972330472], "rotation": [[0.8866661555423259, -0.1592723118843061, 0.43411456930494763], [0.25911306127759187, 0.9487050994250171, -0.18116030415166318], [-0.38299288517039937, 0.27311346541684195, 0.8824542395596822]], "fy": 3240.8079303073573, "fx": 3231.5814007282897}, {"id": 11, "img_name": "DSCF0667", "width": 3115, "height": 2078, "position": [-1.9511868468526605, 2.5030679012941217, -1.9249310712568746], "rotation": [[0.9116163886758655, -0.15723372584713097, 0.3797803514583171], [0.24108026554399994, 0.9528673563311534, -0.18418497985371465], [-0.3329202088531247, 0.25946359416054515, 0.9065554466454236]], "fy": 3240.8079303073573, "fx": 3231.5814007282897}, {"id": 12, "img_name": "DSCF0668", "width": 3115, "height": 2078, "position": [-1.7582079112500915, 2.5553613232693504, -1.9820891876739724], "rotation": [[0.9274384966337774, -0.15390298829697804, 0.3408397059541906], [0.23029188309570553, 0.9531255141091642, -0.19625851047629825], [-0.2946582487253882, 0.26051031562569965, 0.9194079028976669]], "fy": 3240.8079303073573, "fx": 3231.5814007282897}, {"id": 13, "img_name": "DSCF0669", "width": 3115, "height": 2078, "position": [-1.578118838778139, 2.606655330788005, -2.027055217824633], "rotation": [[0.9467301044556146, -0.14230959906097354, 0.2888772876717136], [0.205485090280474, 0.9576581605021134, -0.20165992486394974], [-0.24794754886847836, 0.25027749726815907, 0.9358863111357598]], "fy": 3240.8079303073573, "fx": 3231.5814007282897}, {"id": 14, "img_name": "DSCF0670", "width": 3115, "height": 2078, "position": [-1.3826464053482297, 2.66446271859717, -2.0466480567516383], "rotation": [[0.9629034517005832, -0.12488888141282543, 0.2392064171433446], [0.17711668810486225, 0.9612877610251402, -0.21108178343485198], [-0.20358443333876847, 0.2456188262383933, 0.9477472082255936]], "fy": 3240.8079303073573, "fx": 3231.5814007282897}, {"id": 15, "img_name": "DSCF0671", "width": 3115, "height": 2078, "position": [-1.1808184017302767, 2.693310196061724, -2.0840749556554403], "rotation": [[0.9730270875613919, -0.1203506462589734, 0.19680957501311472], [0.16219387906801436, 0.9635720182921991, -0.21265491096414468], [-0.16404704344993767, 0.23884029708017326, 0.9571018127795959]], "fy": 3240.8079303073573, "fx": 3231.5814007282897}, {"id": 16, "img_name": "DSCF0672", "width": 3115, "height": 2078, "position": [-0.9988092329331574, 2.6887192890648532, -2.161893560155329], "rotation": [[0.9809708107725671, -0.10347392467139052, 0.16428455595493988], [0.13812118843617022, 0.9665871164390124, -0.21594416787469609], [-0.1364507446560565, 0.2345261035518528, 0.9624856887432629]], "fy": 3240.8079303073573, "fx": 3231.5814007282897}, {"id": 17, "img_name": "DSCF0673", "width": 3115, "height": 2078, "position": [-0.7968517539004956, 2.684579428228235, -2.266158360121472], "rotation": [[0.9890888704964227, -0.08999460630982667, 0.11663694567010124], [0.11341215888325643, 0.9704567801734478, -0.21295849368556183], [-0.09402599894470594, 0.2238629237960672, 0.9700744831567966]], "fy": 3240.8079303073573, "fx": 3231.5814007282897}, {"id": 18, "img_name": "DSCF0674", "width": 3115, "height": 2078, "position": [-0.6052285750731093, 2.688315150212943, -2.365014043760801], "rotation": [[0.9935785879851233, -0.07518530173931538, 0.08455033944258727], [0.08997715716158652, 0.9781217090131069, -0.18756874352193714], [-0.06859810993466064, 0.1939718865187612, 0.9786057462296781]], "fy": 3240.8079303073573, "fx": 3231.5814007282897}, {"id": 19, "img_name": "DSCF0675", "width": 3115, "height": 2078, "position": [-0.4656639779206298, 2.631151445918603, -2.481345675462968], "rotation": [[0.9969687610987967, -0.05970591629144881, 0.04988479681153791], [0.06736169795210659, 0.983235554777728, -0.16944097931121155], [-0.038931876940870414, 0.1722876878384865, 0.9842770248142181]], "fy": 3240.8079303073573, "fx": 3231.5814007282897}, {"id": 20, "img_name": "DSCF0676", "width": 3115, "height": 2078, "position": [-0.3947077261581163, 2.517795381649667, -2.5983625965327635], "rotation": [[0.9980854995059447, -0.05469879650637247, 0.028868275610496628], [0.058659935796072385, 0.9851269633045022, -0.161505040487443], [-0.019604785343629874, 0.1628892502014924, 0.9864495651377346]], "fy": 3240.8079303073573, "fx": 3231.5814007282897}, {"id": 21, "img_name": "DSCF0677", "width": 3115, "height": 2078, "position": [-0.42079473090461944, 2.420854437501209, -2.6864524343693454], "rotation": [[0.9972100934932215, -0.0637506233763158, 0.03883152655216393], [0.06811645813656379, 0.9899336742645838, -0.12406235806218797], [-0.030531583093086193, 0.12636130173495336, 0.9915143185338666]], "fy": 3240.8079303073573, "fx": 3231.5814007282897}, {"id": 22, "img_name": "DSCF0678", "width": 3115, "height": 2078, "position": [-0.5267466204748201, 2.280453718370217, -2.7821741324675484], "rotation": [[0.9926943039025666, -0.09062510708080136, 0.07965619226395397], [0.09875256710685698, 0.9895743317401091, -0.10483593110628724], [-0.06932495574614113, 0.11193628512555606, 0.9912942643751581]], "fy": 3240.8079303073573, "fx": 3231.5814007282897}, {"id": 23, "img_name": "DSCF0679", "width": 3115, "height": 2078, "position": [-0.6742641741810829, 2.1372790580147094, -2.8523009406014777], "rotation": [[0.9889214154364488, -0.10110816933087757, 0.1086810571614444], [0.11048002517168912, 0.9903246381866142, -0.08397187051992176], [-0.09913928650758738, 0.09504866698228939, 0.9905236760298345]], "fy": 3240.8079303073573, "fx": 3231.5814007282897}, {"id": 24, "img_name": "DSCF0680", "width": 3115, "height": 2078, "position": [-0.8460202739659503, 2.0321745547014816, -2.8693675074902423], "rotation": [[0.976386660863964, -0.13475688266523636, 0.16884807094327883], [0.14642686319110024, 0.9874826486729393, -0.05862757291489709], [-0.15883407135414493, 0.08196707353702762, 0.9838969136209554]], "fy": 3240.8079303073573, "fx": 3231.5814007282897}, {"id": 25, "img_name": "DSCF0681", "width": 3115, "height": 2078, "position": [-1.07091354371619, 1.9285885232853963, -2.8500680528242586], "rotation": [[0.9651700520264569, -0.1538120409744159, 0.21163323633713804], [0.16692553379049913, 0.9849213941354711, -0.04545012148495079], [-0.2014513262304402, 0.07919408706162638, 0.9762917902627637]], "fy": 3240.8079303073573, "fx": 3231.5814007282897}, {"id": 26, "img_name": "DSCF0682", "width": 3115, "height": 2078, "position": [-1.2896525918339916, 1.8349633989362253, -2.8033920648380093], "rotation": [[0.9484980541345726, -0.18458962506243462, 0.2574453565754085], [0.19822677854500192, 0.9797610890373364, -0.027827193103932495], [-0.24709833178433274, 0.07742660219641953, 0.9658920931976394]], "fy": 3240.8079303073573, "fx": 3231.5814007282897}, {"id": 27, "img_name": "DSCF0683", "width": 3115, "height": 2078, "position": [-1.5811060389249765, 1.7416795867384378, -2.714313262699685], "rotation": [[0.924594187851536, -0.22356507984431942, 0.3084546042213695], [0.2387393927811156, 0.9710114640013869, -0.011842259598055382], [-0.2968654411103839, 0.08458954930774015, 0.9511653473619877]], "fy": 3240.8079303073573, "fx": 3231.5814007282897}, {"id": 28, "img_name": "DSCF0684", "width": 3115, "height": 2078, "position": [-1.8030588269609074, 1.7029111959511876, -2.6441611574129222], "rotation": [[0.8959478064450659, -0.2563381485954018, 0.3627234231490383], [0.2693709548646335, 0.9629175406198435, 0.015136004821202831], [-0.353152681996881, 0.08414608452752634, 0.9317739101612024]], "fy": 3240.8079303073573, "fx": 3231.5814007282897}, {"id": 29, "img_name": "DSCF0685", "width": 3115, "height": 2078, "position": [-2.0506229928543585, 1.6971946296130194, -2.6036566388032742], "rotation": [[0.8726052217423786, -0.2714940599864069, 0.4060185985641932], [0.29134230048430587, 0.9565242133041365, 0.013457091491678617], [-0.39202014098314725, 0.10654766424000224, 0.9137657272564742]], "fy": 3240.8079303073573, "fx": 3231.5814007282897}, {"id": 30, "img_name": "DSCF0686", "width": 3115, "height": 2078, "position": [-2.316115911861423, 1.6891817318279627, -2.514161382829776], "rotation": [[0.8469971536090012, -0.28581042242104476, 0.44822787085784177], [0.31254157990278214, 0.9497851719339113, 0.015029571063187353], [-0.4300157934426629, 0.12735984300388614, 0.8937929781442134]], "fy": 3240.8079303073573, "fx": 3231.5814007282897}, {"id": 31, "img_name": "DSCF0687", "width": 3115, "height": 2078, "position": [-2.5589991404871384, 1.692361518541446, -2.364810512256995], "rotation": [[0.8133552721964208, -0.2984480133559096, 0.4993816020982322], [0.3325445984014674, 0.9428344411764074, 0.021847347792774762], [-0.47735447129391495, 0.1482969988080758, 0.8661066382843539]], "fy": 3240.8079303073573, "fx": 3231.5814007282897}, {"id": 32, "img_name": "DSCF0688", "width": 3115, "height": 2078, "position": [-2.7463395062724842, 1.688979721992881, -2.1863830931869583], "rotation": [[0.7760529097578421, -0.3134183886217913, 0.5472757942117542], [0.3586937045920397, 0.933100425864134, 0.025737551130795764], [-0.518729898446605, 0.1763306806142696, 0.8365565034901605]], "fy": 3240.8079303073573, "fx": 3231.5814007282897}, {"id": 33, "img_name": "DSCF0689", "width": 3115, "height": 2078, "position": [-2.941482157645144, 1.6579184762270711, -2.0309946307671902], "rotation": [[0.7448666775371329, -0.3393546792244067, 0.5744667391444807], [0.3867331812293175, 0.921200987876599, 0.04273390306805553], [-0.543701277569811, 0.19033428914328107, 0.8174116338450763]], "fy": 3240.8079303073573, "fx": 3231.5814007282897}, {"id": 34, "img_name": "DSCF0690", "width": 3115, "height": 2078, "position": [-3.127071421945393, 1.5662197893753194, -1.8714777477211273], "rotation": [[0.6960977132163714, -0.364974597989652, 0.618256836983814], [0.4206698899521158, 0.9051795385733871, 0.06071940905299376], [-0.5817944803301361, 0.21781539378648587, 0.7836272308228097]], "fy": 3240.8079303073573, "fx": 3231.5814007282897}, {"id": 35, "img_name": "DSCF0691", "width": 3115, "height": 2078, "position": [-3.301624938243227, 1.450098050218254, -1.6665910327598215], "rotation": [[0.635538575993617, -0.39122916074752395, 0.6656053351685169], [0.46300560138240293, 0.883010957853064, 0.07692503753612161], [-0.6178321224349905, 0.25929016967907287, 0.742328819590936]], "fy": 3240.8079303073573, "fx": 3231.5814007282897}, {"id": 36, "img_name": "DSCF0692", "width": 3115, "height": 2078, "position": [-3.486290979780468, 1.392046285866299, -1.4465827505604691], "rotation": [[0.579629996674013, -0.40741507794321413, 0.7057209230426772], [0.48677635909722466, 0.8676567167744266, 0.10109697354655216], [-0.6535119304035185, 0.28492942301690627, 0.7012398881406557]], "fy": 3240.8079303073573, "fx": 3231.5814007282897}, {"id": 37, "img_name": "DSCF0693", "width": 3115, "height": 2078, "position": [-3.6689515254388763, 1.3294593819514433, -1.2243711243296298], "rotation": [[0.5206791329221347, -0.41831430299140593, 0.7442488726577073], [0.5096391994311008, 0.851673465584107, 0.12214824772866657], [-0.6849533757436932, 0.3156983559234529, 0.6566379680802413]], "fy": 3240.8079303073573, "fx": 3231.5814007282897}, {"id": 38, "img_name": "DSCF0694", "width": 3115, "height": 2078, "position": [-3.8328964102461534, 1.2159145353995564, -1.0176291566586964], "rotation": [[0.47755185277428475, -0.4112761222843504, 0.77639949713443], [0.5251781518104615, 0.8420527359233668, 0.12302478931061393], [-0.7043664790240913, 0.34899733689918194, 0.6181170779589278]], "fy": 3240.8079303073573, "fx": 3231.5814007282897}, {"id": 39, "img_name": "DSCF0695", "width": 3115, "height": 2078, "position": [-3.9566763305433694, 1.074241415744445, -0.9207076421564617], "rotation": [[0.4471074677367162, -0.42612500826199196, 0.7864555865576761], [0.5333877885737548, 0.8328206439546402, 0.14801095230886685], [-0.7180476163141694, 0.35330900404135673, 0.5996502050102575]], "fy": 3240.8079303073573, "fx": 3231.5814007282897}, {"id": 40, "img_name": "DSCF0696", "width": 3115, "height": 2078, "position": [-4.028152606623819, 0.8318033482178543, -0.9052383338295755], "rotation": [[0.4387897094442309, -0.4397586067897495, 0.7836299883492117], [0.5322224960914798, 0.8298344396845629, 0.16767235123168733], [-0.7240185118765972, 0.34349260613257176, 0.5981722360593575]], "fy": 3240.8079303073573, "fx": 3231.5814007282897}, {"id": 41, "img_name": "DSCF0697", "width": 3115, "height": 2078, "position": [-4.039680508154866, 0.5924827585393, -0.9838226915354199], "rotation": [[0.43262676458233557, -0.48340880339403625, 0.761019061106991], [0.5362059268158726, 0.8165467595533132, 0.21385647876675296], [-0.7247877528039167, 0.3155428944915883, 0.6124666481705915]], "fy": 3240.8079303073573, "fx": 3231.5814007282897}, {"id": 42, "img_name": "DSCF0698", "width": 3115, "height": 2078, "position": [-4.01380858003602, 0.40655691911596764, -1.123735883842514], "rotation": [[0.45033037781176094, -0.5166236826886279, 0.728218731773055], [0.5256180829534685, 0.8126920842244716, 0.25150985489877914], [-0.7217535463662351, 0.2695024057854109, 0.6375266830365914]], "fy": 3240.8079303073573, "fx": 3231.5814007282897}, {"id": 43, "img_name": "DSCF0699", "width": 3115, "height": 2078, "position": [-3.9416368833426754, 0.2597370330991932, -1.3185394468705605], "rotation": [[0.4811765127718793, -0.5326992949368743, 0.6962044417629425], [0.5031433613451688, 0.8181731111821863, 0.2782795681913187], [-0.7178550839068973, 0.21638905081408055, 0.6617097983231038]], "fy": 3240.8079303073573, "fx": 3231.5814007282897}, {"id": 44, "img_name": "DSCF0700", "width": 3115, "height": 2078, "position": [-3.8106129413731487, 0.1534480043787545, -1.5432303988589977], "rotation": [[0.5290566514233599, -0.5382142853184045, 0.6560674071037979], [0.4873803733027403, 0.8256177817632634, 0.2842809352657854], [-0.6946649777439359, 0.16935365811079256, 0.6991136582706061]], "fy": 3240.8079303073573, "fx": 3231.5814007282897}, {"id": 45, "img_name": "DSCF0701", "width": 3115, "height": 2078, "position": [-3.598215008194828, 0.10604734034058988, -1.7486888571867487], "rotation": [[0.582704746414133, -0.5393446015688452, 0.6079165890687509], [0.46525191754332323, 0.8347150599898481, 0.29460383882156893], [-0.6663301221832176, 0.11116730357748045, 0.7373235374559871]], "fy": 3240.8079303073573, "fx": 3231.5814007282897}, {"id": 46, "img_name": "DSCF0702", "width": 3115, "height": 2078, "position": [-3.268870395596563, 0.18059422240552045, -1.9584320693158463], "rotation": [[0.6480089933843304, -0.5272358477722418, 0.5496423430894971], [0.43493982493105526, 0.8485856467353426, 0.3012137925854386], [-0.6252293124782059, 0.04387209795127446, 0.7792069980687955]], "fy": 3240.8079303073573, "fx": 3231.5814007282897}, {"id": 47, "img_name": "DSCF0703", "width": 3115, "height": 2078, "position": [-3.0278056128401323, 0.20731496412494804, -2.149489465598135], "rotation": [[0.6878092272710282, -0.5195317426115784, 0.5069568377088998], [0.4283388919744624, 0.8543250692777433, 0.29437131250457965], [-0.5860411764568433, 0.014678025158574278, 0.8101483167139971]], "fy": 3240.8079303073573, "fx": 3231.5814007282897}, {"id": 48, "img_name": "DSCF0704", "width": 3115, "height": 2078, "position": [-2.793801564712702, 0.29471370662614566, -2.3380365329926005], "rotation": [[0.7375495681456348, -0.4983930044006616, 0.4556589159587133], [0.39982344960360516, 0.8660659334094432, 0.30011832355706536], [-0.5442075373194136, -0.03916902031085348, 0.8380357654495582]], "fy": 3240.8079303073573, "fx": 3231.5814007282897}, {"id": 49, "img_name": "DSCF0705", "width": 3115, "height": 2078, "position": [-2.515257497101673, 0.423226299208298, -2.4694640976704747], "rotation": [[0.7776526579795038, -0.4604716157139161, 0.42804466432748406], [0.3686445859347807, 0.8854957063545144, 0.28284010198112614], [-0.5092715511378844, -0.06215500904621912, 0.8583584577856024]], "fy": 3240.8079303073573, "fx": 3231.5814007282897}, {"id": 50, "img_name": "DSCF0706", "width": 3115, "height": 2078, "position": [-2.2461918286382585, 0.5498508804399367, -2.565011843387535], "rotation": [[0.8121061865542667, -0.4257605485680917, 0.3990131539727533], [0.33434230905322004, 0.8999584139782456, 0.2798036337982799], [-0.47822459382307764, -0.09382328278608923, 0.8732115605453205]], "fy": 3240.8079303073573, "fx": 3231.5814007282897}, {"id": 51, "img_name": "DSCF0707", "width": 3115, "height": 2078, "position": [-2.0069094655697386, 0.653995092235104, -2.6028822493571897], "rotation": [[0.8589384423857068, -0.3732693818405572, 0.35056343330756023], [0.29311367819429074, 0.9197281131123066, 0.26112175245714414], [-0.4198918001669355, -0.12153257395136752, 0.8994001943636245]], "fy": 3240.8079303073573, "fx": 3231.5814007282897}, {"id": 52, "img_name": "DSCF0708", "width": 3115, "height": 2078, "position": [-1.7618237943356432, 0.7837890932007624, -2.642840803546614], "rotation": [[0.8997933441044604, -0.3139044158491315, 0.3030444779495705], [0.2495226258742475, 0.9399740191671851, 0.23278166265302913], [-0.3579251277601678, -0.13383893679009815, 0.9241086201939487]], "fy": 3240.8079303073573, "fx": 3231.5814007282897}, {"id": 53, "img_name": "DSCF0709", "width": 3115, "height": 2078, "position": [-1.5226119734620127, 0.915883255286731, -2.687911799542421], "rotation": [[0.9334721456850953, -0.24809500781757393, 0.2589954059941266], [0.20203360246029145, 0.9604102649023032, 0.19181904636194194], [-0.29633119428602417, -0.12673196189709154, 0.9466397588981421]], "fy": 3240.8079303073573, "fx": 3231.5814007282897}, {"id": 54, "img_name": "DSCF0710", "width": 3115, "height": 2078, "position": [-1.2878009512807185, 1.075376142196655, -2.7162143394436082], "rotation": [[0.9582022739435887, -0.20439033401529552, 0.2001824007510442], [0.1703727354788864, 0.9697786097436693, 0.17464987572018917], [-0.22982935672967705, -0.13324428484836437, 0.9640666093898651]], "fy": 3240.8079303073573, "fx": 3231.5814007282897}, {"id": 55, "img_name": "DSCF0711", "width": 3115, "height": 2078, "position": [-1.073864875679268, 1.2058567290668831, -2.7619468494713324], "rotation": [[0.9770074109647788, -0.15401231585472192, 0.14743380034769937], [0.13181708013680588, 0.9798511875636593, 0.15005301601198567], [-0.16757319685470826, -0.12716861560602008, 0.9776233256734116]], "fy": 3240.8079303073573, "fx": 3231.5814007282897}, {"id": 56, "img_name": "DSCF0712", "width": 3115, "height": 2078, "position": [-0.8811622339498997, 1.3563941592213726, -2.835891342283334], "rotation": [[0.9899783045103178, -0.10876440754471807, 0.09007363793210064], [0.09746573614401338, 0.9877898671407432, 0.12153850686913267], [-0.102192890539324, -0.11154139153479804, 0.9884913409320786]], "fy": 3240.8079303073573, "fx": 3231.5814007282897}, {"id": 57, "img_name": "DSCF0713", "width": 3115, "height": 2078, "position": [-0.7046105290819233, 1.5286952115397638, -2.8572342737092518], "rotation": [[0.9965423774531001, -0.06353479029083699, 0.05354082893290115], [0.0590638919612406, 0.9949371798591015, 0.08131091439904473], [-0.058435833240518764, -0.07786744221250139, 0.9952496746227898]], "fy": 3240.8079303073573, "fx": 3231.5814007282897}, {"id": 58, "img_name": "DSCF0714", "width": 3115, "height": 2078, "position": [-0.5588890213754111, 1.6897997789828603, -2.841146510565243], "rotation": [[0.9997858740661478, -0.010525076311373827, 0.017816531268141127], [0.009658478496904464, 0.9987984096048212, 0.048046339756579556], [-0.018300814487714118, -0.047863971205068225, 0.9986861971858663]], "fy": 3240.8079303073573, "fx": 3231.5814007282897}, {"id": 59, "img_name": "DSCF0715", "width": 3115, "height": 2078, "position": [-0.3899878780926883, 1.844367922255108, -2.8142378866055644], "rotation": [[0.9995540485009501, 0.02661808165381383, -0.013534469122627285], [-0.026458197415217637, 0.9995795865823103, 0.011858072249537163], [0.013844418185601828, -0.011494686468485, 0.999838089026465]], "fy": 3240.8079303073573, "fx": 3231.5814007282897}, {"id": 60, "img_name": "DSCF0716", "width": 3115, "height": 2078, "position": [-0.26886625486552923, 2.0103086170658218, -2.812470846377977], "rotation": [[0.9982075022924712, 0.04528263434085175, -0.039131386305352504], [-0.0467516390634973, 0.9982032286835196, -0.03747797340670057], [0.03736397478725315, 0.039240250673888345, 0.9985309890610046]], "fy": 3240.8079303073573, "fx": 3231.5814007282897}, {"id": 61, "img_name": "DSCF0717", "width": 3115, "height": 2078, "position": [-0.17568705453665004, 2.216071839829145, -2.819022532893513], "rotation": [[0.9970610941424266, 0.03782888171316629, -0.06661944352693625], [-0.042301389500960546, 0.996852049584732, -0.06705657078174485], [0.0638730537378275, 0.06967759286205577, 0.9955226095168076]], "fy": 3240.8079303073573, "fx": 3231.5814007282897}, {"id": 62, "img_name": "DSCF0718", "width": 3115, "height": 2078, "position": [-0.07948852723695825, 2.4226891617162023, -2.8514031166457747], "rotation": [[0.9959666915567056, 0.0505506681074295, -0.07412812734369054], [-0.05990776296714624, 0.9897037626850016, -0.12999046912532697], [0.06679378149096, 0.1339070277507602, 0.9887403595854146]], "fy": 3240.8079303073573, "fx": 3231.5814007282897}, {"id": 63, "img_name": "DSCF0719", "width": 3115, "height": 2078, "position": [-0.05264811861583812, 2.616958650014234, -2.799557845002768], "rotation": [[0.995665593749423, 0.03540789136845045, -0.08600178284459761], [-0.049673488339959694, 0.9842134879311889, -0.16987158305750694], [0.07862932010229519, 0.17340729916345393, 0.9817063403162309]], "fy": 3240.8079303073573, "fx": 3231.5814007282897}, {"id": 64, "img_name": "DSCF0720", "width": 3115, "height": 2078, "position": [-0.09152129049557911, 2.841183915267326, -2.7177156946070045], "rotation": [[0.9970661389916211, 0.016648516851419673, -0.07471239096019518], [-0.035153636044060035, 0.9666335855466693, -0.25373949863210427], [0.06799512003977067, 0.2556214744105781, 0.9643828728627128]], "fy": 3240.8079303073573, "fx": 3231.5814007282897}, {"id": 65, "img_name": "DSCF0721", "width": 3115, "height": 2078, "position": [-0.046514828803402755, 3.029289929125809, -2.711200287140948], "rotation": [[0.9979603060083688, 0.011791687853877644, -0.062739012816903], [-0.029969798125713078, 0.9542957469239229, -0.29735742567357565], [0.056365227152800595, 0.2986311830677916, 0.9527026701272252]], "fy": 3240.8079303073573, "fx": 3231.5814007282897}, {"id": 66, "img_name": "DSCF0722", "width": 3115, "height": 2078, "position": [-0.0007224767660926014, 3.1278263255361467, -2.77287363674596], "rotation": [[0.9971971615723917, -0.0008753512304434724, -0.07481346611532438], [-0.02331582645777484, 0.9465022492656935, -0.3218537934708464], [0.07109284906765485, 0.3226960270830843, 0.9438289468522552]], "fy": 3240.8079303073573, "fx": 3231.5814007282897}, {"id": 67, "img_name": "DSCF0723", "width": 3115, "height": 2078, "position": [1.905929390146258, 2.4779170458072706, -1.803759827882379], "rotation": [[0.7252472401446365, 0.2514113339361635, -0.6409436650993805], [-0.38431846650526985, 0.9202378260052856, -0.07390304386223635], [0.5712405421235661, 0.29992446508663606, 0.7640219619074243]], "fy": 3240.8079303073573, "fx": 3231.5814007282897}, {"id": 68, "img_name": "DSCF0724", "width": 3115, "height": 2078, "position": [1.9818662075483788, 2.4057333462741557, -1.7544024472954662], "rotation": [[0.7011815497261805, 0.2644601663628356, -0.6621217824017976], [-0.3981242392247358, 0.9156269062418608, -0.055896857762167275], [0.5914740268729619, 0.30280057624334195, 0.7473086956281071]], "fy": 3240.8079303073573, "fx": 3231.5814007282897}, {"id": 69, "img_name": "DSCF0725", "width": 3115, "height": 2078, "position": [2.0911271255705306, 2.3230419746291977, -1.7009654966666707], "rotation": [[0.6707300355360908, 0.28446300148565923, -0.6849832262293175], [-0.4191863248063791, 0.9072750666356646, -0.033686474386189276], [0.6118856466081513, 0.30973013131921845, 0.7277796378217134]], "fy": 3240.8079303073573, "fx": 3231.5814007282897}, {"id": 70, "img_name": "DSCF0726", "width": 3115, "height": 2078, "position": [2.2090721055776847, 2.2100241727708596, -1.6572765173830601], "rotation": [[0.6484861746185752, 0.29885611421445835, -0.7001076376709522], [-0.43097682787517727, 0.9022535623164598, -0.014052868814146677], [0.6274748243262166, 0.3108432599943137, 0.7138990212578323]], "fy": 3240.8079303073573, "fx": 3231.5814007282897}, {"id": 71, "img_name": "DSCF0727", "width": 3115, "height": 2078, "position": [2.3600416974167335, 2.065067704271542, -1.6016468209740504], "rotation": [[0.6265349703123255, 0.3043436822158408, -0.7175157517929739], [-0.449911698493763, 0.8929617051692774, -0.0141016544998768], [0.636422339751042, 0.3316539102686412, 0.6963995184298518]], "fy": 3240.8079303073573, "fx": 3231.5814007282897}, {"id": 72, "img_name": "DSCF0728", "width": 3115, "height": 2078, "position": [2.5282675341240197, 1.996749330307773, -1.459859462599757], "rotation": [[0.6016345900300155, 0.31703975096109166, -0.7331586570381231], [-0.47112965995581985, 0.8820487126240971, -0.005187684270100946], [0.6450369474606308, 0.3485338790830838, 0.6800378456688787]], "fy": 3240.8079303073573, "fx": 3231.5814007282897}, {"id": 73, "img_name": "DSCF0729", "width": 3115, "height": 2078, "position": [2.6783578933906003, 1.9004377588175225, -1.2965236592824332], "rotation": [[0.560633977634622, 0.32568031987162654, -0.7613290171600562], [-0.49291536422298293, 0.8700285964684485, 0.009202447504091778], [0.6653750722972015, 0.37011156503878195, 0.6483004261837542]], "fy": 3240.8079303073573, "fx": 3231.5814007282897}, {"id": 74, "img_name": "DSCF0730", "width": 3115, "height": 2078, "position": [2.829443704479708, 1.7747361863047444, -1.1623476473110186], "rotation": [[0.5464324847536252, 0.32842982362711215, -0.770418970793323], [-0.5027669380756254, 0.8643404673697804, 0.011872760633058876], [0.6698036619667284, 0.3808535248875263, 0.6374273660556996]], "fy": 3240.8079303073573, "fx": 3231.5814007282897}, {"id": 75, "img_name": "DSCF0731", "width": 3115, "height": 2078, "position": [2.934817410089784, 1.6611049655264212, -1.0807797336711864], "rotation": [[0.5141834277389803, 0.32613429529301485, -0.79325394677387], [-0.5116094678924469, 0.8589485473527673, 0.021520812330815924], [0.6883830002269087, 0.3947705845605767, 0.6085105016056012]], "fy": 3240.8079303073573, "fx": 3231.5814007282897}, {"id": 76, "img_name": "DSCF0732", "width": 3115, "height": 2078, "position": [3.049636664895292, 1.4744725086440658, -1.0315133162869656], "rotation": [[0.49782268081229364, 0.3414918084382269, -0.7972176134773057], [-0.5260288433301367, 0.84972528371013, 0.0355049040063198], [0.68954059666826, 0.4016843126054698, 0.6026470596900405]], "fy": 3240.8079303073573, "fx": 3231.5814007282897}, {"id": 77, "img_name": "DSCF0733", "width": 3115, "height": 2078, "position": [3.0810873080680174, 1.3083833385489114, -0.994211890910155], "rotation": [[0.4724218408090207, 0.366591259524237, -0.8015163459138246], [-0.5243849702210539, 0.8478365787296859, 0.0786990392203474], [0.7084052564266309, 0.3831239802053309, 0.592771463937616]], "fy": 3240.8079303073573, "fx": 3231.5814007282897}, {"id": 78, "img_name": "DSCF0734", "width": 3115, "height": 2078, "position": [3.116441735174603, 1.0831737976400286, -1.02277044607116], "rotation": [[0.46057876955130533, 0.40252471308586885, -0.7911011644497461], [-0.5301949190032096, 0.8395542290115818, 0.11849913253669274], [0.7118711575150279, 0.36485963315213094, 0.6000974114211016]], "fy": 3240.8079303073573, "fx": 3231.5814007282897}, {"id": 79, "img_name": "DSCF0735", "width": 3115, "height": 2078, "position": [3.139620990572319, 0.8564002840166023, -1.121717418976784], "rotation": [[0.4603083167062564, 0.4318314096106388, -0.7756532003703338], [-0.5354949039776675, 0.831932043720087, 0.14537634761427978], [0.7080688253164387, 0.3484403941930496, 0.6141887578827788]], "fy": 3240.8079303073573, "fx": 3231.5814007282897}, {"id": 80, "img_name": "DSCF0736", "width": 3115, "height": 2078, "position": [3.100682592858709, 0.7425443680088839, -1.230777905644389], "rotation": [[0.4523293098074817, 0.4666888984969451, -0.7599997812557547], [-0.546843327132804, 0.8183053727785365, 0.17702737769086724], [0.7045286162104502, 0.335526137434162, 0.6253492144706827]], "fy": 3240.8079303073573, "fx": 3231.5814007282897}, {"id": 81, "img_name": "DSCF0737", "width": 3115, "height": 2078, "position": [3.023585731588885, 0.6740510618566422, -1.4106906047071275], "rotation": [[0.4742078467956859, 0.5037365697890751, -0.722063976593858], [-0.5367147223184716, 0.8155264844583907, 0.21645752468681695], [0.697899867376406, 0.28489650998928445, 0.6570918913758719]], "fy": 3240.8079303073573, "fx": 3231.5814007282897}, {"id": 82, "img_name": "DSCF0738", "width": 3115, "height": 2078, "position": [2.9069383463161134, 0.6874817074282611, -1.6102575698464519], "rotation": [[0.4978724296749478, 0.507292759268317, -0.7034039381205521], [-0.5275896675173282, 0.8208929812381468, 0.21859518769383418], [0.6883111117064138, 0.26227613263102095, 0.6763424012684669]], "fy": 3240.8079303073573, "fx": 3231.5814007282897}, {"id": 83, "img_name": "DSCF0739", "width": 3115, "height": 2078, "position": [2.7222643513361424, 0.8179866410949452, -1.7109731981766216], "rotation": [[0.5298940406105359, 0.5033290679757451, -0.6825482803846973], [-0.512848229167618, 0.8311766972585625, 0.21478359288825163], [0.6754250510345896, 0.23623113102429083, 0.6985669997716084]], "fy": 3240.8079303073573, "fx": 3231.5814007282897}, {"id": 84, "img_name": "DSCF0740", "width": 3115, "height": 2078, "position": [2.486853798518498, 0.9521907602475548, -1.8480155789257318], "rotation": [[0.569723919586054, 0.5131907513464454, -0.6419111372954781], [-0.5038401929336508, 0.8351743508675746, 0.22051953119283316], [0.6492763013048336, 0.19778537960475298, 0.7343849318841712]], "fy": 3240.8079303073573, "fx": 3231.5814007282897}, {"id": 85, "img_name": "DSCF0741", "width": 3115, "height": 2078, "position": [2.3154034883987338, 1.0679869865360576, -2.062550396321995], "rotation": [[0.6174925713504166, 0.492872622790138, -0.6130085660339673], [-0.4914733406784936, 0.8502385946090885, 0.1885425353586913], [0.6141309955777936, 0.18485375284568167, 0.7672497704981706]], "fy": 3240.8079303073573, "fx": 3231.5814007282897}, {"id": 86, "img_name": "DSCF0742", "width": 3115, "height": 2078, "position": [2.1181638078889744, 1.2808809375217056, -2.222518431520979], "rotation": [[0.6709939354999216, 0.467159526703099, -0.5757856503360113], [-0.47577854996176994, 0.8668732353518682, 0.1488810438802065], [0.5686843675700983, 0.17404818425114602, 0.8039311659839268]], "fy": 3240.8079303073573, "fx": 3231.5814007282897}, {"id": 87, "img_name": "DSCF0743", "width": 3115, "height": 2078, "position": [1.937414152366801, 1.5094717688050068, -2.326555604798122], "rotation": [[0.7272686907911077, 0.4242153255673399, -0.5395568634989126], [-0.4345528998980274, 0.8930879004464316, 0.11643787728398336], [0.5312664384141006, 0.1497843771225184, 0.8338588680255284]], "fy": 3240.8079303073573, "fx": 3231.5814007282897}, {"id": 88, "img_name": "DSCF0744", "width": 3115, "height": 2078, "position": [1.8134759618809995, 1.6620699919439825, -2.413792688218666], "rotation": [[0.7685493868906291, 0.39134506491462745, -0.5061431418847874], [-0.40931245871808025, 0.9087790296336726, 0.08114176751981707], [0.4917267036151259, 0.14480923818957914, 0.8586239767714128]], "fy": 3240.8079303073573, "fx": 3231.5814007282897}, {"id": 89, "img_name": "DSCF0745", "width": 3115, "height": 2078, "position": [1.6731556910253436, 1.8342098283931878, -2.462514441015324], "rotation": [[0.8070651567384821, 0.3453540377562496, -0.47893258542736883], [-0.36961020029551694, 0.9280300667793577, 0.04635186070707764], [0.4604716414896761, 0.1396093971011817, 0.8766271063712596]], "fy": 3240.8079303073573, "fx": 3231.5814007282897}, {"id": 90, "img_name": "DSCF0746", "width": 3115, "height": 2078, "position": [1.5407637086721233, 1.9838660898975387, -2.467560284094367], "rotation": [[0.8357795309762219, 0.29289969946410643, -0.46441612983939595], [-0.31700125492813436, 0.9480286726507403, 0.027419704704165583], [0.44831103039648107, 0.12430366803080187, 0.885192531678241]], "fy": 3240.8079303073573, "fx": 3231.5814007282897}, {"id": 91, "img_name": "DSCF0747", "width": 3115, "height": 2078, "position": [1.478116105680541, 1.8732441174621026, -2.5219562341964945], "rotation": [[0.8570216680299992, 0.2691395643256038, -0.4394061395129817], [-0.277316519454177, 0.9596331385901216, 0.046901890766721424], [0.4342918472236139, 0.08165864457788019, 0.8970632403575592]], "fy": 3240.8079303073573, "fx": 3231.5814007282897}, {"id": 92, "img_name": "DSCF0748", "width": 3115, "height": 2078, "position": [1.4028176794565257, 1.6498849640306266, -2.5093435316706247], "rotation": [[0.8289438880563135, 0.3152117017582431, -0.46205369117533773], [-0.30260874605830385, 0.9474812144889609, 0.10347606003102586], [0.47040405744753416, 0.05404564057531267, 0.8807945796107632]], "fy": 3240.8079303073573, "fx": 3231.5814007282897}, {"id": 93, "img_name": "DSCF0749", "width": 3115, "height": 2078, "position": [1.428037662213059, 1.3946734435406944, -2.436859042291834], "rotation": [[0.7980726298867996, 0.3613024664220615, -0.4822246418246403], [-0.3371409552514966, 0.9310444121446643, 0.1396147517503237], [0.49941571232558934, 0.051154964290196565, 0.8648509212059571]], "fy": 3240.8079303073573, "fx": 3231.5814007282897}, {"id": 94, "img_name": "DSCF0750", "width": 3115, "height": 2078, "position": [1.5631006378592498, 1.2050304768520241, -2.343449217345179], "rotation": [[0.7601880486970931, 0.41389268575156973, -0.5008063251392284], [-0.3668176827207381, 0.9096334628417027, 0.19496602504539257], [0.5362452034857692, 0.0354937735379748, 0.843315643029667]], "fy": 3240.8079303073573, "fx": 3231.5814007282897}, {"id": 95, "img_name": "DSCF0751", "width": 3115, "height": 2078, "position": [1.7254692441174075, 0.977522803888991, -2.2111950372328697], "rotation": [[0.6939698837152983, 0.4551149892774233, -0.5579212731480906], [-0.402093526927996, 0.8877659543861285, 0.2240366171756115], [0.5972659341522669, 0.06886186729894568, 0.7990816273280984]], "fy": 3240.8079303073573, "fx": 3231.5814007282897}, {"id": 96, "img_name": "DSCF0752", "width": 3115, "height": 2078, "position": [1.9122315876088096, 0.8584009347864447, -2.0830754608837645], "rotation": [[0.6062354404759047, 0.5021787905856544, -0.6166806734420296], [-0.44865632283014, 0.8562031939504499, 0.2561710261789679], [0.6566476183582203, 0.12137772841414433, 0.744366410008874]], "fy": 3240.8079303073573, "fx": 3231.5814007282897}, {"id": 97, "img_name": "DSCF0753", "width": 3115, "height": 2078, "position": [2.1093982854283877, 0.8259547091854361, -1.8709760421945154], "rotation": [[0.5607934949423876, 0.5055285029333151, -0.6557069381608702], [-0.47005835637836463, 0.8463458210966183, 0.2504873104793158], [0.6815833020469123, 0.16774887133537425, 0.7122531281339068]], "fy": 3240.8079303073573, "fx": 3231.5814007282897}, {"id": 98, "img_name": "DSCF0754", "width": 3115, "height": 2078, "position": [2.321300241335089, 0.8042009273554469, -1.6420290844370244], "rotation": [[0.5084042712193534, 0.4930260713971664, -0.7060101910940053], [-0.47782383931477584, 0.8435935378524717, 0.24501902268199063], [0.7163864010353667, 0.21277978244238063, 0.664466168134517]], "fy": 3240.8079303073573, "fx": 3231.5814007282897}, {"id": 99, "img_name": "DSCF0755", "width": 3115, "height": 2078, "position": [2.535005374814359, 0.7875501933070284, -1.3642007119800974], "rotation": [[0.46302955744939006, 0.4773458155385851, -0.7468230053473345], [-0.5099485740120487, 0.8326370365415514, 0.2160278158996686], [0.7249524679531063, 0.28081406262348413, 0.6289573764903262]], "fy": 3240.8079303073573, "fx": 3231.5814007282897}, {"id": 100, "img_name": "DSCF0756", "width": 3115, "height": 2078, "position": [2.7